1110000000000000
1110000000000000
1110000000000000
1000000000000000
0000111110100000
0000111110100001
0000111110100010
0000111110100011
0001111110100101
0110000000000000
0001111110100000
1011000000000000
0110000000000000
0001111110100010
1001000000000000
0110000000000000
0001101110111000
1001000000000000
0011000000000000
0111000000000000
0100000000000000
0001111110100010
0110000000000000
0001111110100110
1011000000000000
0110000000000000
0001111110100001
1001000000000000
0110000000000000
0001101110111001
1001000000000000
0011000000000000
0101000000000000
1011000000000000
0100000000000000
0001111110100011
0110000000000000
0001101110111010
1001000000000000
0011000000000000
0101000000000000
1001000000000000
0100000000000000
0001111110100011
0110000000000000
0001101110111010
1001000000000000
0110000000000000
0101000000000000
0010000000000000
0001111110100010
1100000000000000
0000111110100010
0110000000000000
0001111110100101
1010000000000000
1101000000001000
0000111110100010
0001111110100011
1100000000000000
0000111110100011
0001111110100001
1100000000000000
0000111110100001
0110000000000000
0001111110100110
1010000000000000
1101000000001000
0000111110100001
0001111110100000
1100000000000000
0000111110100000
0110000000000000
0001111110100100
1010000000000000
1101000000001000
1110000000000000
1111000000000000
xxxxxxxxxxxxxxxx
1111111111111111