1000000000000000
1000000000000000
1000000000000000
0001110111011101
1110000001001110
1000000000000000
0000110110111101
0000110111000101
0000110111001101
0000110111010101
0001110010000000
0110000000000000
0001110110111101
1011000000000000
0110000000000000
0001110111001101
1001000000000000
0110000000000000
0001110110101101
1001000000000000
0011000000000000
0111000000000000
0100000000000000
0001110111001101
0110000000000000
0001110010000001
1011000000000000
0110000000000000
0001110111000101
1001000000000000
0110000000000000
0001110010000010
1001000000000000
0011000000000000
0101000000000000
1011000000000000
0100000000000000
0001110111010101
0110000000000000
0001110110110101
1001000000000000
0011000000000000
0101000000000000
1001000000000000
0100000000000000
0001110111010101
0110000000000000
0001110110110101
1001000000000000
0110000000000000
0101000000000000
0010000000000000
0001110111001101
1100000000000000
0000110111001101
0110000000000000
0001110010000000
1010000000000000
1101000000001010
0000110111001101
0001110111010101
1100000000000000
0000110111010101
0001110111000101
1100000000000000
0000110111000101
0110000000000000
0001110010000001
1010000000000000
1101000000001010
0000110111000101
0001110110111101
1100000000000000
0000110110111101
0110000000000000
0001110111011101
1010000000000000
1101000000001010
1111000000000000
1111000000000000
